98.3559
-5.12439
-1.17275
-0.0499757
0.259358
1.20293
-0.293587
0.668165
0.461988
1.96136
0.697827
0.820469
-0.307929
96.1165
-7.15633
-1.25087
1.01023
2.50958
2.66847
-1.948
-0.0607797
-1.20086
0.46217
-1.09849
0.214393
-1.45351
97.9266
-6.41369
-0.141175
0.457876
1.42575
1.97931
-1.81666
-0.290503
0.258271
1.03122
-1.29984
0.260785
-0.398264
98.4568
-5.67741
-0.578295
0.778154
1.75057
1.76029
-0.0588299
0.353351
-0.652371
0.859327
-0.788495
-0.411048
0.0332088
97.567
-6.16525
0.118752
2.04201
0.444451
0.686047
-0.662987
-0.646093
-1.83194
-0.00567648
-1.83454
0.258226
-0.0781307
97.9626
-5.54221
0.408334
2.11615
2.56018
1.88956
-1.1717
0.315858
-0.928313
0.976169
-0.93818
0.660145
-1.22811
97.0164
-5.1299
1.01189
1.41148
1.73279
1.73034
-1.24319
-0.412564
-0.86654
0.27424
0.00565222
0.755681
-1.35685
96.4472
-5.11945
1.25549
1.31487
1.39492
2.97168
-0.679632
-0.139448
-2.63823
-0.458225
0.455463
0.472487
-1.20005
97.2231
-5.49921
1.12482
2.31783
1.95519
1.56511
0.897435
0.775605
-1.73324
1.14354
-0.900138
0.338627
-0.513713
97.1882
-4.62076
1.37479
1.69354
2.2072
1.29265
-0.149318
1.16152
-0.595089
1.26209
-0.349432
-0.128189
-1.19237
97.745
-5.46393
1.61183
1.9003
1.90274
1.09612
-2.11221
0.0499797
-1.21469
0.901256
-0.885782
-0.89551
-1.71716
98.929
-6.03308
0.661179
2.66571
2.53339
1.58225
-0.689405
0.768067
-0.724838
1.08449
-0.723624
0.971463
-0.0844572
97.9548
-6.5058
0.647495
0.87117
1.80291
2.04555
-0.116372
0.248695
-1.03436
0.594056
-0.84715
1.31892
0.811407
98.2488
-5.88197
-0.365939
0.292939
1.76359
1.3718
1.04714
1.23068
-0.903078
-0.2786
-1.30127
0.607379
-0.567209
95.1761
-6.51878
0.585425
1.802
1.38606
1.37391
0.213566
-0.0198245
-1.25434
0.915732
-1.3003
-0.488622
-0.713353
95.4174
-6.16525
-0.340953
1.23425
1.06042
1.29293
-0.201272
1.33311
-0.733029
0.00689218
-0.822932
0.442305
0.679393
99.1862
-5.87997
-0.272859
1.80394
1.71186
1.85812
-0.333732
1.70574
-0.094244
0.343194
0.0906402
1.38213
0.475428
97.4417
-6.32317
-1.34332
0.0286234
0.23376
1.29012
-0.622926
0.89416
-0.871289
0.694411
0.590726
1.71048
0.858928
97.1687
-6.55526
-0.721485
0.284585
0.228564
2.94972
0.854994
1.792
-0.931867
0.698386
-0.42589
0.981694
-0.71935
98.3168
-6.27733
1.09603
1.43615
1.70417
1.83895
-0.28281
1.47144
-0.762766
0.100507
-1.55279
0.628604
0.326021
97.6279
-6.33065
0.122382
1.0912
2.06247
2.12732
-0.746819
0.134894
-0.946834
0.164515
-0.793395
0.193437
0.270408
97.7976
-5.63352
0.762812
0.610558
0.0974807
0.828195
0.329658
-0.0462638
-1.19817
1.02863
-0.53213
-0.973852
-1.57173
96.1521
-6.16745
0.0809127
0.290805
0.664397
1.46243
-0.215309
1.10567
-0.0650433
0.634448
-0.131763
1.78806
0.104619
98.3937
-3.92245
2.06538
2.28339
2.42345
1.45403
-0.75815
0.283807
-0.289691
1.82209
-0.734622
-0.64737
-0.614687
97.9546
-5.99133
1.94477
2.62153
0.902662
1.37681
-0.102946
1.0117
-0.919442
0.372018
-0.307294
-0.239115
-0.4492
97.3273
-6.18616
1.37196
1.95665
1.98192
1.33959
-0.657977
1.11793
0.347424
0.594809
0.708881
0.257645
-0.633946
97.1333
-6.86066
0.172829
1.36019
0.928235
2.06171
0.406625
1.81425
1.35494
2.06976
0.594441
0.281701
-0.260265
98.1698
-5.71118
2.52322
3.33088
1.68927
0.78897
0.460311
1.52681
0.765626
0.337052
0.167304
2.13135
-0.249971
98.3988
-5.8661
1.39909
2.69588
0.862283
1.6527
0.702959
2.30441
0.937571
0.986858
0.219121
1.69393
1.29112
97.0987
-5.35217
2.34668
2.5212
2.20446
2.76565
1.38944
2.27992
0.892831
2.61491
0.160604
0.531127
1.21015
99.1827
-5.1953
1.89388
3.21358
2.46736
2.87315
1.83389
1.00029
0.345565
1.34357
-0.399091
0.256518
0.864961
97.638
-6.04698
1.1808
2.01459
2.24279
2.94496
1.58927
1.88597
0.433449
1.02455
-0.608812
0.416333
0.0797817
94.6013
-6.04528
0.95037
2.07739
3.83505
3.03372
1.60929
-0.214441
-1.80817
1.01119
-1.46051
1.23867
0.442475
98.3103
-5.28584
0.808784
2.6946
2.73066
3.55021
1.59906
0.323891
-0.906163
-0.618537
-0.722381
0.328503
0.00716659
97.7748
-5.24407
1.41192
1.14291
1.49823
2.48755
-0.0107119
0.219672
-1.54703
-1.25663
-1.94453
0.267219
-0.636129
98.1593
-5.07101
0.209777
2.11851
0.979393
2.52859
-0.154326
0.664799
-0.431294
0.548301
-0.0417022
0.797633
0.599656
98.1127
-5.31513
1.64753
3.10387
1.20038
1.62662
-0.584941
1.14004
-0.662307
1.17598
-0.731676
0.684364
0.484074
95.6852
-6.72391
0.329767
1.81331
1.67386
1.47027
-0.767314
1.17135
-0.618601
1.09516
-0.109214
1.14487
-0.396517
99.066
-5.25285
1.49542
2.66431
0.484933
0.917106
-1.43199
0.427536
0.203868
1.19309
-0.319087
0.624001
-1.12357
98.9447
-5.87419
0.508959
1.80768
1.76195
2.36017
0.509676
1.31056
-0.289377
1.15323
-0.563172
0.17518
-0.793113
98.7018
-6.22444
1.33166
1.91111
1.1367
1.48221
0.100817
1.24447
-1.04247
1.22266
-0.24741
0.169244
0.00600458
98.0026
-5.7916
0.393678
1.25727
-0.444518
1.06648
-0.105032
0.433349
-1.6715
0.799591
-0.363697
0.224824
-1.38328
97.7087
-6.6911
1.25675
2.11232
1.34021
1.3554
-0.252074
0.36736
-0.247287
0.769787
0.244067
0.699861
-0.644274
97.3813
-6.99819
0.748975
1.30228
1.54323
2.94635
0.381128
0.605407
-1.48999
0.645747
-0.539068
0.112703
-0.515903
97.0893
-5.22657
2.10223
1.37533
0.250129
3.12917
0.976692
1.99684
1.25291
0.882409
-1.24983
-1.41565
-1.3132
95.6005
-6.94823
0.649714
1.28233
0.505419
0.665613
-0.0539034
1.35243
-0.809551
-0.308884
-1.32502
-0.261775
-0.913
98.4171
-5.89164
0.00593481
0.162222
0.721807
1.8574
1.25458
2.49518
-1.44259
-0.0254578
-1.55893
-0.158942
-0.564972
99.0943
-4.99793
0.792661
1.49513
0.808243
2.93405
-0.552025
0.703483
-0.638193
0.204928
-1.28746
0.262075
0.615642
99.6979
-6.1557
0.679216
1.86721
1.4754
2.74652
0.28752
1.68675
-0.424001
1.38537
-0.390117
0.626257
0.993416
98.4522
-5.42761
1.99723
2.29011
1.15302
2.1082
-0.966762
0.805598
0.368127
0.85557
-0.995707
-0.423537
-0.595106
95.928
-6.98054
1.09964
1.56527
1.62525
1.27991
-0.460634
2.16142
-0.0232525
0.556967
-1.19285
-0.652355
-1.82523
99.4944
-5.73375
0.467926
1.63765
1.14882
1.57911
-0.394817
1.98521
0.666821
1.86646
-0.450945
-0.416166
-1.78992
98.6775
-5.48194
0.974496
1.44793
0.670783
1.77527
0.18435
1.48197
-1.05107
0.839603
0.0317385
-0.156043
-0.545454
100.272
-4.2783
0.862113
1.29889
1.49664
2.29177
0.161109
2.18452
-1.10152
1.45169
-0.117647
-0.178008
-0.408651
99.5245
-4.80301
1.56308
0.872299
-0.180567
1.6974
-0.579507
0.404123
-1.6406
0.317438
-0.0737507
0.574749
-1.54896
101.179
-4.04779
2.06902
2.46727
1.9472
-0.0604247
-1.25437
-0.215177
-0.308337
-0.193182
-0.430265
0.692489
-0.298156
101.563
-4.37526
1.86921
2.17738
1.48397
0.616266
0.161199
0.149709
-0.639713
0.278353
-0.988138
0.259777
-0.855369
101.197
-3.77694
3.43911
2.2961
1.1033
1.98657
1.12775
1.42152
0.103684
1.33999
-0.310916
1.24157
-0.488571
107.364
0.561395
5.41078
4.84344
3.15244
1.4455
0.00579034
0.88223
-0.552691
2.52114
-1.84101
1.4089
1.33616
117.661
1.79287
3.94566
6.68119
3.04028
0.968334
-0.410442
-0.026289
-1.35485
2.38722
-1.32082
0.878728
1.88606
126.062
-0.584639
2.25902
7.90424
2.42644
0.194602
-0.48687
0.921643
-0.835339
1.119
-0.844391
0.933506
1.28151
136.166
-6.45533
3.53173
8.56705
0.797086
0.107408
-1.38132
0.0743148
0.38369
-0.848168
-0.758358
2.34021
-1.97299
144.256
-7.8373
3.7664
9.04793
-0.145136
-2.08958
0.593967
0.589232
-1.4992
-1.14368
-0.718188
2.32514
-2.42728
144.674
-5.3083
4.11748
8.72813
0.69955
-3.62856
2.5748
-1.36356
-1.1702
-0.781083
-1.44135
3.28727
-3.92863
144.764
-4.44892
4.02418
10.0852
0.143946
-4.83058
2.77773
-0.819551
-1.87426
-0.459409
-1.32011
2.6421
-3.18084
143.028
-2.7084
3.85536
8.5791
0.404505
-3.75102
2.35054
-1.36448
-1.89
-0.409029
-1.49201
2.03449
-2.43563
143.825
-3.07888
4.50734
7.84461
0.91407
-3.85051
2.48254
-1.60906
-1.27467
-0.72991
-0.659884
1.39728
-2.40447
142.806
-2.58559
4.97411
7.69591
0.572802
-3.49799
2.22905
-1.34534
-1.91442
-0.681336
-0.662004
2.33669
-3.15801
141.984
-2.21093
5.08412
7.98626
0.334885
-3.40651
2.21874
-1.76231
-2.05089
-0.1999
-0.957136
2.73298
-3.95067
139.052
-1.47219
5.83236
7.97788
0.523287
-3.85989
2.73618
-2.4813
-1.45416
-1.26007
-1.21769
3.02076
-3.8914
137.011
-0.766926
7.08353
7.4745
0.266007
-4.23327
2.63598
-1.82761
-2.17614
0.039152
-1.99801
2.52371
-3.4049
136.642
-0.664289
6.75186
7.96321
1.12778
-5.01989
1.48687
-0.165545
-2.90008
-0.0637333
-1.22276
1.73843
-2.43279
137.431
-1.77951
6.32942
9.60484
-0.067789
-5.29552
2.30955
-0.246956
-2.91765
-1.07645
-0.332124
1.90174
-2.54539
137.949
-1.97361
5.28112
8.63392
0.901238
-4.94005
3.59445
-1.52752
-2.49038
-0.988143
-0.660641
2.32853
-2.71469
139.576
-3.83476
4.92315
9.15708
-0.369379
-4.00029
3.66401
-1.7174
-1.47267
-0.0988141
-0.464874
2.60092
-3.74139
141.323
-4.75112
4.51187
9.66441
-1.0022
-3.46754
2.55565
-1.06499
-0.639976
-0.748698
-0.135512
2.6152
-3.60302
143.43
-5.5187
3.82304
8.77108
0.00219517
-3.4947
1.86926
0.555493
-1.47884
-0.566764
0.23049
2.66193
-4.05503
145.166
-5.80017
3.50092
7.69903
-0.0401609
-2.80776
1.98457
0.341788
-0.681307
-0.743426
1.29106
2.39037
-3.82662
150.788
-11.1546
4.80698
10.0999
-0.609301
-2.22413
1.9364
1.06055
-0.00875136
-2.19902
0.0495237
2.33428
-3.3215
142.94
-8.43447
5.47587
9.29128
1.96841
-1.59793
0.59712
1.12222
0.526249
-2.96386
-0.336432
2.02357
-2.29775
142.123
-8.08957
2.0784
8.1649
4.9678
-1.46928
-0.437149
1.15118
1.54925
-3.0397
-0.892618
3.20537
-0.121412
135.466
-8.83757
3.20696
6.48048
3.86949
0.0419969
0.2842
2.06446
2.58931
-1.31961
-1.15801
1.79852
-0.449488
134.642
-10.2327
2.22807
6.78252
3.07275
0.955047
-0.601176
1.91934
4.9681
-1.12349
-1.81301
1.82403
0.581816
132.18
-9.83662
0.525032
5.2947
4.41583
0.351253
-1.78793
1.7821
3.14381
-0.87905
-2.78609
1.35383
0.0801329
132.24
-8.94569
-0.64121
2.78958
3.43175
0.511958
-2.52364
0.616124
2.91691
0.926073
-3.0317
0.581068
1.17148
129.522
-10.1237
-1.51651
2.55654
3.28842
1.28071
-2.52198
0.0986576
4.2876
-0.0631649
-0.0897689
1.64899
1.04758
130.852
-10.5912
-2.17128
0.387941
2.77255
3.10148
-0.37814
2.09562
4.21343
0.774062
-0.948533
0.318714
-0.73741
134.293
-10.7762
-1.9652
-0.922974
2.61562
3.68299
-0.19434
0.955183
5.45829
0.297946
-0.334952
0.741244
-1.18401
135.072
-11.568
-1.79192
0.105481
1.89662
2.71454
0.344588
0.456386
2.84191
0.383577
-0.18418
2.29763
-0.458967
131.944
-11.7222
-1.256
0.584717
2.75146
3.06352
-0.893231
0.390647
1.58155
-0.848458
-0.349965
1.60499
-0.869035
134.52
-9.93669
-1.50047
-1.27184
0.00930722
2.69277
0.774792
0.541425
0.645381
0.485396
-0.275614
2.82438
-0.770759
133.09
-9.94384
-1.20929
-2.12453
0.129842
3.70597
2.63587
0.915886
1.90947
0.879961
-0.801892
3.30485
-0.0199232
134.906
-9.56023
-1.4119
-1.70384
-0.148948
2.73747
2.99241
1.41197
0.833496
1.55215
-1.66271
1.24768
0.31939
135.895
-7.25296
-1.16022
-1.06373
-0.840862
2.60399
3.795
2.27743
0.148604
0.924671
-1.14442
3.06394
-0.826181
139.568
-2.33063
0.385897
-2.0986
-3.10861
2.38038
5.00135
2.15451
-0.207048
-0.0820884
-1.9316
3.58417
-2.76794
145.214
0.117455
-1.19416
-3.03273
-3.14839
1.20034
2.61957
3.15495
-1.05174
0.284228
-2.3371
3.21334
-2.50449
150.94
0.694125
-2.93562
-2.90796
-5.11738
0.440199
2.06751
2.86074
-1.0513
-0.740829
-2.94156
2.00872
-2.57928
151.6
1.2787
-1.81517
-4.4933
-5.28613
-0.292718
2.78031
3.79849
-1.04632
-0.33011
-2.99384
2.28982
-1.95145
143.182
4.06927
-0.302777
-5.70015
-5.79527
-2.71062
3.60695
4.05557
-1.07673
-0.94501
-2.00117
0.497617
0.342025
142.627
4.12146
-2.77849
-4.35912
-5.24107
-0.999127
3.23453
4.03052
-0.064916
0.361319
-1.41089
2.3871
0.579984
131.291
2.32954
-0.205615
-3.41626
-4.02343
0.915116
4.0865
3.28279
-1.65587
0.319629
-2.57997
0.624597
-0.935672
127.642
0.874347
1.1736
-1.36348
-3.71542
-0.0848606
3.58172
3.28946
-0.0947111
0.530434
-0.63036
0.850437
-1.42268
123.779
0.22689
0.373963
-2.09712
-4.4522
-0.0462953
4.14957
3.35288
0.232454
0.73965
-1.81463
0.564959
-0.554802
117.587
2.18631
-0.811278
-5.69812
-5.28424
-0.649976
3.16894
3.08696
-0.708848
-0.100037
-1.52167
0.721901
0.568675
113.725
2.20287
0.22592
-3.01216
-3.50524
1.29281
3.37943
3.70782
0.696267
0.0220843
-1.34446
0.388194
-0.219789
109.494
1.17086
1.55813
-2.20324
-3.37747
0.796024
3.73344
4.57292
1.10895
0.280817
-1.36458
0.539078
-0.865041
105.907
0.393095
1.22611
-1.68709
-1.79993
1.25691
2.30049
2.1041
0.416229
1.70859
-1.00824
1.47115
0.281414
105.599
0.637331
2.72231
-1.26244
-2.08432
0.60363
1.94135
4.38183
0.34425
-0.268741
-2.40013
0.298434
-0.0640749
104.392
-1.68631
-1.06836
-1.72032
-1.93789
0.788607
0.819771
3.00696
1.60457
0.116527
-2.88919
-0.0210928
-0.0817846
103.532
-3.14646
-0.306053
-0.351102
-1.05388
-0.356711
0.716675
1.45287
-0.0667913
0.194478
-1.74267
-0.943681
-0.378403
100.835
-3.00691
-0.258414
-2.04161
-1.61277
1.3011
0.483598
0.914563
0.124448
0.884098
-1.40879
0.373566
1.48711
101.393
-2.59172
0.7604
0.430687
0.0898875
1.94744
1.16525
2.77082
0.0367181
0.0210775
-0.504613
-0.137916
0.504162
100.433
-4.92028
0.427131
0.731597
-0.0922087
1.17539
0.297354
0.694748
-0.66044
-0.696562
-1.5192
0.456677
-0.481092
101.171
-5.75302
0.586762
0.577818
-0.172382
1.45454
2.06284
0.303601
0.971356
0.904385
-0.739642
0.942916
-0.140042
100.314
-3.81437
1.86948
1.51597
1.27656
2.13348
-0.0373235
0.240402
-1.58947
0.359794
-0.598881
0.317554
1.11082
103.204
-5.19505
1.71748
0.832716
0.904977
1.74758
-0.405025
1.33157
-1.23353
1.24289
-0.204988
0.708686
0.307678
102.047
-4.63696
0.367442
1.95414
0.135161
1.56648
-0.0981544
0.859717
-0.413779
1.39989
-0.225335
0.670634
-0.420797
99.8945
-5.97033
0.152329
0.705424
-0.875501
0.897921
0.858598
1.24785
0.81521
0.217661
-0.53425
1.48659
-0.111783
104.387
-7.9854
-0.0111797
3.01197
0.815779
0.150559
1.11992
-0.312304
-1.07286
1.74306
-1.72832
0.448512
0.321504
101.595
-5.71487
0.557698
2.0309
-0.101085
1.22271
0.491938
-0.209936
-1.44192
0.643723
-1.48679
0.361958
-0.371423
